scope = [top_y, b_y, left_x, right_x]
box[idx][0][1] = 396:[[1008.0, 396.0], [1151.0, 396.0], [1151.0, 439.0], [1008.0, 439.0]]
scope: [34.0, 632.0, 42.0, 1054.0]
[[[417.0, 34.0], [695.0, 31.0], [695.0, 63.0], [418.0, 65.0]], ('湖南增税普通发票', 0.9666319)]
[[[758.0, 51.0], [918.0, 51.0], [918.0, 74.0], [758.0, 74.0]], ('NO:84241274', 0.84672505)]
[[[191.0, 56.0], [390.0, 55.0], [390.0, 79.0], [191.0, 80.0]], ('043001900104', 0.9809857)]
[[[925.0, 54.0], [1025.0, 58.0], [1024.0, 77.0], [924.0, 73.0]], ('040019C01V4', 0.5861757)]
[[[154.0, 86.0], [217.0, 86.0], [217.0, 105.0], [154.0, 105.0]], ('机器编号', 0.82540417)]
[[[934.0, 80.0], [1017.0, 80.0], [1017.0, 92.0], [934.0, 92.0]], ('8424元', 0.69523466)]
[[[154.0, 113.0], [282.0, 113.0], [282.0, 132.0], [154.0, 132.0]], ('929908720271', 0.9930491)]
[[[517.0, 140.0], [561.0, 145.0], [559.0, 160.0], [516.0, 156.0]], ('安公司', 0.87594604)]
[[[201.0, 146.0], [290.0, 140.0], [291.0, 161.0], [202.0, 166.0]], ('称，中国太量', 0.7778726)]
[[[647.0, 145.0], [1001.0, 145.0], [1001.0, 161.0], [647.0, 161.0]], ('034+440-73466-*885-149123/2', 0.88976043)]
[[[91.0, 164.0], [102.0, 164.0], [102.0, 177.0], [91.0, 177.0]], ('购', 0.9725716)]
[[[246.0, 167.0], [360.0, 167.0], [360.0, 183.0], [246.0, 183.0]], ('91430300.', 0.88802147)]
[[[119.0, 172.0], [226.0, 172.0], [226.0, 192.0], [119.0, 192.0]], ('纳税人识别号：', 0.9845625)]
[[[660.0, 168.0], [1000.0, 168.0], [1000.0, 184.0], [660.0, 184.0]], ('62++2768/7011229-9693196/2', 0.79249954)]
[[[55.0, 183.0], [74.0, 183.0], [74.0, 220.0], [55.0, 220.0]], ('税总', 0.94990236)]
[[[116.0, 196.0], [223.0, 196.0], [223.0, 216.0], [116.0, 216.0]], ('地址电话：', 0.98940146)]
[[[87.0, 214.0], [104.0, 214.0], [104.0, 230.0], [87.0, 230.0]], ('方', 0.9974637)]
[[[657.0, 212.0], [755.0, 212.0], [755.0, 231.0], [657.0, 231.0]], ('743+9922', 0.8281548)]
[[[115.0, 223.0], [222.0, 223.0], [222.0, 239.0], [115.0, 239.0]], ('开户行及账号：', 0.8436895)]
[[[98.0, 248.0], [295.0, 248.0], [295.0, 267.0], [98.0, 267.0]], ('货物或应税劳务、服务名称', 0.85424834)]
[[[865.0, 248.0], [896.0, 248.0], [896.0, 265.0], [865.0, 265.0]], ('税车', 0.64442253)]
[[[346.0, 249.0], [421.0, 249.0], [421.0, 265.0], [346.0, 265.0]], ('规格型号', 0.9506737)]
[[[458.0, 249.0], [494.0, 249.0], [494.0, 266.0], [458.0, 266.0]], ('单位', 0.9314023)]
[[[628.0, 249.0], [684.0, 249.0], [684.0, 265.0], [628.0, 265.0]], ('单价', 0.8713069)]
[[[946.0, 249.0], [965.0, 249.0], [965.0, 265.0], [946.0, 265.0]], ('税', 0.99182594)]
[[[532.0, 250.0], [592.0, 250.0], [592.0, 266.0], [532.0, 266.0]], ('数量', 0.94564915)]
[[[1054.0, 242.0], [1074.0, 242.0], [1074.0, 299.0], [1054.0, 299.0]], ('第二联', 0.99323463)]
[[[788.0, 265.0], [840.0, 265.0], [840.0, 282.0], [788.0, 282.0]], ('26202', 0.7878695)]
[[[78.0, 266.0], [205.0, 266.0], [205.0, 282.0], [78.0, 282.0]], ('水文具*文具盒（袋）', 0.7530519)]
[[[576.0, 266.0], [693.0, 266.0], [693.0, 282.0], [576.0, 282.0]], ('7097029702970', 0.8830035)]
[[[993.0, 264.0], [1038.0, 264.0], [1038.0, 284.0], [993.0, 284.0]], ('802', 0.67934275)]
[[[781.0, 286.0], [840.0, 286.0], [840.0, 305.0], [781.0, 305.0]], ('115842', 0.9585121)]
[[[78.0, 287.0], [166.0, 287.0], [166.0, 303.0], [78.0, 303.0]], ('半文具记号笔', 0.80471015)]
[[[992.0, 287.0], [1038.0, 287.0], [1038.0, 304.0], [992.0, 304.0]], ('11.58', 0.82631445)]
[[[75.0, 308.0], [165.0, 308.0], [165.0, 323.0], [75.0, 323.0]], ('非纸制品*A4纸', 0.67121357)]
[[[878.0, 306.0], [898.0, 306.0], [898.0, 329.0], [878.0, 329.0]], ('1', 0.6465508)]
[[[781.0, 309.0], [839.0, 309.0], [839.0, 324.0], [781.0, 324.0]], ('128212', 0.6749098)]
[[[992.0, 308.0], [1040.0, 308.0], [1040.0, 328.0], [992.0, 328.0]], ('77L29', 0.68571746)]
[[[70.0, 327.0], [166.0, 327.0], [166.0, 346.0], [70.0, 346.0]], ('深文具修正液', 0.85486794)]
[[[450.0, 328.0], [465.0, 328.0], [465.0, 346.0], [450.0, 346.0]], ('盒', 0.9739439)]
[[[577.0, 329.0], [693.0, 329.0], [693.0, 345.0], [577.0, 345.0]], ('2578217821782', 0.9231077)]
[[[789.0, 329.0], [840.0, 329.0], [840.0, 346.0], [789.0, 346.0]], ('44554', 0.989686)]
[[[998.0, 328.0], [1042.0, 328.0], [1042.0, 348.0], [998.0, 348.0]], ('4.46', 0.9479896)]
[[[48.0, 339.0], [63.0, 339.0], [63.0, 359.0], [48.0, 359.0]], ('吊', 0.5063992)]
[[[42.0, 364.0], [66.0, 365.0], [56.0, 563.0], [32.0, 561.0]], ('湖南天成印务有限公司', 0.99604195)]
[[[747.0, 435.0], [844.0, 435.0], [844.0, 451.0], [747.0, 451.0]], ('￥8940.59', 0.897325)]
[[[228.0, 438.0], [244.0, 438.0], [244.0, 454.0], [228.0, 454.0]], ('计', 0.9642468)]
[[[966.0, 433.0], [1043.0, 431.0], [1043.0, 453.0], [967.0, 454.0]], ('￥89.41', 0.94751304)]
[[[117.0, 469.0], [258.0, 471.0], [257.0, 491.0], [117.0, 489.0]], ('价税合计（大写）', 0.9010718)]
[[[782.0, 472.0], [945.0, 471.0], [945.0, 491.0], [782.0, 492.0]], ('（小写￥9030.@0', 0.86344665)]
[[[186.0, 505.0], [257.0, 499.0], [259.0, 519.0], [188.0, 526.0]], ('称：湘潭', 0.9235542)]
[[[657.0, 505.0], [796.0, 505.0], [796.0, 521.0], [657.0, 521.0]], ('校验码02624', 0.9388108)]
[[[102.0, 526.0], [221.0, 530.0], [220.0, 549.0], [101.0, 545.0]], ('纳税人识别号：', 0.90236586)]
[[[71.0, 540.0], [86.0, 540.0], [86.0, 559.0], [71.0, 559.0]], ('售', 0.964218)]
[[[240.0, 531.0], [345.0, 531.0], [345.0, 546.0], [240.0, 546.0]], ('92430821', 0.88703007)]
[[[100.0, 546.0], [231.0, 551.0], [230.0, 574.0], [99.0, 569.0]], ('地址、电话：11', 0.8526238)]
[[[100.0, 572.0], [209.0, 575.0], [209.0, 594.0], [100.0, 591.0]], ('开户行及账号：', 0.953591)]
[[[72.0, 604.0], [206.0, 602.0], [206.0, 621.0], [72.0, 623.0]], ('收款人刘立志', 0.9647545)]
[[[350.0, 608.0], [463.0, 605.0], [464.0, 625.0], [350.0, 629.0]], ('复核：周波涛', 0.88789195)]
[[[568.0, 611.0], [698.0, 608.0], [699.0, 627.0], [568.0, 630.0]], ('开票人管理员', 0.9639549)]
[[[811.0, 613.0], [937.0, 613.0], [937.0, 632.0], [811.0, 632.0]], ('销售方主章）', 0.82731843)]

idx: 0 line: 湖南增税普通发票
127.0.0.1 - - [28/Mar/2022 21:43:14] "POST /invoice/vat_rec.do HTTP/1.1" 200 -
idx: 1 line: NO:84241274
idx: 2 line: 043001900104
idx: 3 line: 040019C01V4
idx: 4 line: 机器编号
idx: 5 line: 8424元
idx: 6 line: 929908720271
idx: 7 line: 安公司
idx: 8 line: 称，中国太量
idx: 9 line: 034+440-73466-*885-149123/2
idx: 10 line: 购
idx: 11 line: 91430300.
idx: 12 line: 纳税人识别号：
idx: 13 line: 62++2768/7011229-9693196/2
idx: 14 line: 税总
idx: 15 line: 地址电话：
idx: 16 line: 方
idx: 17 line: 743+9922
idx: 18 line: 开户行及账号：
idx: 19 line: 货物或应税劳务、服务名称
idx: 20 line: 税车
idx: 21 line: 规格型号
idx: 22 line: 单位
idx: 23 line: 单价
idx: 24 line: 税
idx: 25 line: 数量
idx: 26 line: 第二联
idx: 27 line: 26202
idx: 28 line: 水文具*文具盒（袋）
idx: 29 line: 7097029702970
idx: 30 line: 802
idx: 31 line: 115842
idx: 32 line: 半文具记号笔
idx: 33 line: 11.58
idx: 34 line: 非纸制品*A4纸
idx: 35 line: 1
idx: 36 line: 128212
idx: 37 line: 77L29
idx: 38 line: 深文具修正液
idx: 39 line: 盒
idx: 40 line: 2578217821782
idx: 41 line: 44554
idx: 42 line: 4.46
idx: 43 line: 吊
idx: 44 line: 湖南天成印务有限公司
idx: 45 line: ￥8940.59
idx: 46 line: 计
idx: 47 line: ￥89.41
idx: 48 line: 价税合计（大写）
idx: 49 line: （小写￥9030.@0
idx: 50 line: 称：湘潭
idx: 51 line: 校验码02624
idx: 52 line: 纳税人识别号：
idx: 53 line: 售
idx: 54 line: 92430821
idx: 55 line: 地址、电话：11
idx: 56 line: 开户行及账号：
idx: 57 line: 收款人刘立志
idx: 58 line: 复核：周波涛
idx: 59 line: 开票人管理员
idx: 60 line: 销售方主章）
